0:
##.
##.
###

1:
###
##.
.##

2:
#.#
#.#
###

3:
##.
.##
..#

4:
..#
.##
###

5:
#.#
###
#.#

50x48: 42 50 35 46 44 39
35x46: 55 34 30 40 37 51
37x48: 40 44 44 50 47 50
42x44: 52 35 38 53 53 56
40x46: 31 31 36 33 32 32
41x36: 37 29 47 33 30 49
45x44: 51 48 61 40 52 50
39x50: 40 45 30 39 23 31
41x35: 42 32 52 33 30 30
44x35: 29 20 30 25 23 27
49x45: 39 42 37 42 39 40
38x39: 26 26 32 26 22 24
37x39: 21 19 29 27 25 34
46x37: 53 45 34 41 40 48
45x41: 45 45 37 61 61 41
44x37: 28 30 23 26 30 30
50x47: 34 42 60 35 45 24
46x48: 54 70 60 46 57 50
42x35: 25 22 30 21 24 31
36x35: 38 32 28 27 22 44
48x43: 50 60 44 44 64 55
37x49: 30 36 37 30 27 31
47x47: 34 39 33 36 31 51
37x36: 32 17 28 27 23 16
42x44: 41 37 49 48 42 67
49x44: 33 41 32 39 41 37
50x45: 61 45 59 62 66 56
36x44: 25 23 21 33 36 29
35x38: 12 30 24 22 18 25
50x35: 25 26 38 31 21 35
47x45: 52 63 61 40 57 49
46x46: 44 39 30 34 40 37
44x48: 58 65 35 62 44 62
44x44: 53 53 53 36 49 50
42x46: 42 30 40 30 34 34
42x47: 44 46 49 61 50 57
39x42: 25 27 24 29 38 38
43x46: 37 39 31 38 28 37
49x38: 45 42 46 53 60 44
47x39: 37 21 29 25 40 42
50x48: 35 46 41 45 38 50
47x43: 48 52 55 57 47 53
39x35: 38 39 36 28 39 29
39x37: 21 26 21 31 29 28
38x47: 50 42 39 56 39 51
37x40: 34 37 39 37 33 47
40x49: 28 41 28 40 33 37
50x44: 33 31 47 38 31 44
40x44: 41 52 47 52 39 41
38x49: 43 22 31 47 29 20
36x38: 37 37 34 43 28 33
40x48: 30 35 35 32 38 37
41x36: 30 37 31 46 46 41
41x44: 38 19 31 22 28 43
39x45: 33 29 34 32 36 30
40x45: 35 27 34 35 33 31
41x50: 60 46 56 56 55 44
42x46: 48 49 53 46 52 49
44x45: 35 26 39 31 39 39
41x36: 41 33 41 38 36 38
42x40: 30 26 26 33 34 32
49x39: 29 35 31 38 36 38
49x36: 37 28 32 36 25 34
43x50: 64 39 49 73 54 57
46x41: 45 42 57 46 43 56
49x38: 51 50 47 38 48 50
35x44: 33 31 48 38 55 34
43x43: 48 45 36 54 37 65
41x39: 45 35 37 37 41 50
38x45: 37 37 23 31 24 27
44x36: 39 42 42 35 39 45
35x40: 21 24 24 24 30 19
35x43: 45 39 46 36 31 33
49x46: 36 40 40 42 46 35
39x36: 30 30 28 33 54 43
35x40: 23 29 22 19 27 23
49x35: 27 23 31 30 32 32
45x45: 56 56 44 58 56 44
45x50: 42 56 62 61 55 71
40x49: 32 33 40 37 32 34
50x45: 56 62 47 67 64 54
50x37: 35 33 26 33 32 32
46x42: 50 60 40 37 58 50
41x45: 18 29 37 49 36 26
37x41: 23 26 23 27 29 28
46x46: 54 30 41 26 43 30
37x50: 39 30 41 22 27 32
46x40: 43 39 55 41 43 60
44x35: 47 41 33 49 25 43
50x45: 47 38 25 47 39 44
36x40: 31 34 36 28 42 49
39x38: 34 12 19 28 33 29
39x50: 52 41 35 55 53 66
41x44: 51 47 46 54 46 36
36x43: 33 33 25 26 24 27
41x48: 51 64 43 43 59 42
44x43: 35 23 34 25 34 44
36x48: 31 39 37 33 22 29
41x50: 61 47 58 54 53 43
35x38: 27 26 44 36 30 42
40x46: 33 28 29 43 34 28
35x39: 39 33 32 33 36 37
42x50: 29 34 36 44 40 40
49x35: 30 25 31 24 35 30
50x49: 56 77 60 60 66 58
45x46: 37 31 47 39 30 41
49x41: 49 57 47 46 47 61
41x41: 51 37 50 39 38 42
37x45: 47 45 33 47 38 47
43x43: 21 33 33 41 37 31
50x50: 53 43 49 29 46 35
36x45: 33 32 31 22 26 36
47x39: 50 53 44 43 46 45
43x44: 29 37 32 37 31 30
35x42: 18 26 30 21 35 24
43x38: 22 31 22 27 30 35
44x39: 28 36 35 26 33 24
46x35: 30 24 24 36 20 30
42x48: 57 53 55 51 44 49
46x46: 49 60 58 52 59 48
38x45: 24 35 35 20 34 32
42x45: 43 34 30 36 34 32
43x38: 31 24 33 27 22 30
44x44: 39 27 37 29 29 34
48x45: 48 54 50 43 68 68
39x44: 33 36 31 22 34 26
35x43: 41 35 34 47 44 34
40x37: 20 16 28 33 30 29
44x46: 37 50 71 61 49 46
42x36: 43 44 35 38 26 45
48x38: 31 37 32 27 27 37
38x35: 24 18 22 20 23 24
45x37: 40 42 39 49 49 40
42x48: 66 52 44 43 52 51
46x37: 35 37 20 34 26 28
45x43: 31 29 40 41 44 24
40x42: 30 26 28 26 36 35
46x48: 33 51 42 37 39 37
40x42: 34 49 37 50 38 52
36x47: 32 32 27 35 26 27
49x35: 55 42 37 45 42 43
41x48: 58 44 43 53 51 55
38x42: 34 44 50 46 39 34
39x47: 35 35 34 32 22 36
43x44: 53 43 67 36 44 44
50x41: 49 60 45 41 64 55
47x47: 54 68 68 52 50 46
37x41: 37 46 36 49 27 40
47x46: 67 54 47 58 51 56
40x40: 26 29 17 34 32 30
37x38: 20 27 22 23 17 35
36x46: 35 35 22 36 23 29
48x41: 31 31 33 41 36 36
41x41: 22 22 37 31 26 30
49x50: 32 41 52 54 34 43
38x35: 19 17 24 28 19 24
43x35: 47 38 48 35 34 28
41x35: 23 19 26 26 23 26
38x37: 33 23 37 43 45 39
41x49: 34 33 41 31 37 32
38x48: 19 47 36 32 28 30
35x46: 35 26 22 30 29 23
49x35: 35 27 34 26 28 25
38x40: 27 28 26 27 24 24
37x35: 19 21 24 23 24 21
49x42: 52 54 56 54 51 50
45x42: 41 61 42 41 57 48
44x43: 30 30 30 33 43 30
39x43: 37 43 46 45 45 43
50x35: 31 33 27 23 34 27
38x45: 33 24 27 27 35 33
42x35: 44 37 38 38 35 34
41x48: 39 26 34 35 35 38
41x46: 38 31 33 35 35 22
46x49: 53 43 39 28 33 44
35x37: 17 18 26 27 28 16
41x37: 32 21 30 23 26 23
47x44: 38 25 36 40 30 40
45x46: 40 67 59 44 51 55
50x43: 52 51 56 44 63 63
42x44: 28 37 23 39 36 33
42x43: 47 33 53 49 47 50
35x49: 29 28 34 28 29 28
47x36: 42 49 41 40 47 41
46x45: 56 50 48 59 43 63
37x40: 44 41 41 38 32 31
39x38: 36 30 42 31 50 39
40x49: 33 43 29 27 39 36
41x37: 40 36 43 34 38 41
46x50: 74 56 56 46 69 51
50x36: 56 39 52 41 41 46
39x36: 27 30 25 24 19 31
48x41: 34 41 33 28 34 38
50x35: 26 39 24 27 31 28
40x40: 40 40 41 40 46 40
40x49: 47 53 52 49 48 52
39x45: 31 27 29 32 37 38
48x41: 32 35 27 29 47 37
38x36: 21 22 26 26 28 20
49x46: 52 60 67 50 65 52
45x43: 49 50 45 58 41 56
43x49: 40 38 35 40 48 22
37x42: 37 51 34 30 43 42
37x36: 26 23 21 18 25 30
39x42: 34 28 33 24 23 39
41x41: 44 41 47 44 41 42
44x37: 35 36 53 45 38 44
41x42: 30 31 27 34 27 33
38x46: 33 31 31 30 33 22
35x44: 33 38 45 36 38 46
43x47: 36 36 35 34 33 36
42x46: 53 50 56 46 47 44
45x43: 27 31 35 34 44 39
36x37: 25 26 28 19 22 24
42x42: 30 33 37 29 40 27
43x40: 40 44 46 52 51 35
50x36: 31 31 32 26 35 37
47x35: 35 46 43 38 54 38
46x37: 38 50 41 36 51 45
41x37: 46 36 47 40 26 37
50x35: 38 29 29 28 24 27
35x41: 24 22 20 27 17 33
47x48: 35 39 36 43 43 43
36x46: 35 29 28 25 38 24
36x35: 16 22 28 20 22 23
36x49: 24 35 37 30 34 31
42x39: 33 54 45 51 29 41
36x38: 34 33 31 40 40 35
50x43: 55 58 57 45 60 54
38x35: 40 30 39 26 44 25
44x37: 42 43 44 47 40 36
35x35: 23 20 21 12 22 23
38x42: 44 38 45 37 44 37
49x35: 32 25 34 33 28 24
48x43: 33 37 40 43 34 36
47x42: 23 40 35 42 32 37
41x38: 36 47 44 37 38 37
46x47: 46 48 58 54 58 69
47x48: 52 54 61 60 57 64
35x40: 35 36 35 29 45 35
44x44: 39 51 52 56 57 46
50x37: 32 23 36 32 36 32
36x37: 27 29 19 14 30 24
48x50: 64 62 55 63 61 65
47x40: 48 49 51 55 46 42
39x43: 33 35 22 27 24 40
40x48: 33 33 40 29 35 37
50x47: 65 58 60 67 61 53
48x50: 64 60 52 64 66 65
44x36: 26 34 27 32 24 25
48x41: 40 37 41 32 30 28
50x44: 44 33 45 35 32 34
49x44: 62 56 53 45 62 52
39x47: 44 28 21 34 34 33
47x41: 52 47 53 53 44 48
49x42: 41 38 33 35 33 44
38x50: 32 37 34 40 25 24
49x49: 63 58 68 53 61 64
48x43: 40 30 41 31 33 48
38x49: 44 45 49 42 47 58
47x46: 64 62 42 53 53 58
36x50: 52 33 46 47 51 49
37x43: 30 26 26 34 23 29
36x39: 27 22 24 33 26 23
38x36: 30 24 36 15 24 14
39x49: 51 50 51 47 45 49
49x48: 38 55 34 40 37 51
46x50: 31 41 51 39 36 42
47x49: 38 40 23 38 49 51
47x39: 62 44 44 48 43 41
50x35: 36 25 27 29 28 31
45x39: 41 31 36 21 38 27
47x40: 32 34 25 26 39 38
40x39: 26 24 36 34 28 21
48x47: 35 40 50 43 33 39
44x36: 27 32 25 30 31 23
41x42: 50 33 43 47 57 38
50x42: 41 34 31 34 43 41
49x43: 38 40 34 38 36 38
40x35: 32 46 39 24 33 38
40x43: 57 46 40 42 36 42
35x42: 29 14 16 39 22 33
48x37: 32 49 37 58 52 50
45x48: 40 34 46 32 42 46
45x45: 60 47 55 39 45 61
43x40: 37 24 29 31 29 31
48x38: 54 50 38 54 46 41
38x41: 25 24 21 24 22 39
45x41: 29 32 29 40 38 26
50x42: 37 31 34 40 38 44
42x41: 31 30 31 18 36 36
47x36: 37 41 54 39 34 53
43x49: 34 40 39 40 37 33
38x41: 31 25 22 32 19 27
43x43: 28 42 43 21 27 35
38x42: 30 31 32 28 26 21
45x36: 33 32 23 34 32 26
46x36: 23 31 34 35 23 33
35x47: 23 34 35 21 26 25
39x42: 38 44 40 33 43 52
39x44: 57 35 47 45 40 40
46x43: 49 54 45 46 48 61
42x48: 38 39 38 42 33 34
37x49: 43 45 57 58 37 41
47x43: 30 22 36 31 41 50
41x48: 35 43 31 31 36 31
42x35: 18 23 23 39 21 29
44x47: 54 54 51 61 48 52
46x43: 55 50 59 45 52 42
50x37: 26 31 34 30 39 31
46x40: 67 45 45 48 43 35
43x49: 50 54 58 66 54 46
43x35: 40 36 46 46 33 32
40x38: 24 31 21 24 29 26
46x47: 56 60 38 68 58 57
46x35: 25 23 31 26 35 25
49x46: 56 59 47 59 70 58
44x50: 64 45 60 48 67 54
49x48: 50 30 42 45 44 45
35x44: 40 30 37 44 43 45
38x49: 31 31 34 34 33 29
36x50: 24 26 35 33 40 34
37x50: 40 33 36 28 28 26
48x40: 30 40 38 33 32 34
35x41: 18 26 21 18 29 30
47x43: 44 51 65 52 51 48
45x44: 57 59 50 42 54 41
35x36: 42 26 25 31 40 31
42x46: 56 40 55 58 43 47
40x38: 38 39 40 41 35 41
41x50: 48 62 53 63 56 37
37x39: 23 21 24 34 25 29
41x35: 25 20 21 26 24 26
36x45: 22 23 33 26 46 30
44x50: 44 48 65 62 55 66
48x41: 32 43 25 33 36 38
42x50: 34 37 42 30 36 45
38x50: 32 29 27 35 27 42
40x48: 27 37 35 45 29 34
50x42: 55 63 43 56 48 58
42x45: 34 32 35 33 39 36
41x49: 35 33 29 35 33 42
38x43: 38 21 26 37 20 25
41x41: 45 33 32 51 56 46
40x49: 46 35 37 24 36 29
35x38: 40 32 30 33 37 33
43x38: 40 37 57 41 40 36
45x42: 55 44 50 47 45 49
43x35: 48 35 39 38 42 30
48x40: 31 33 41 35 29 38
38x42: 31 34 24 24 28 26
43x37: 43 37 41 38 38 47
44x35: 15 26 23 32 31 26
49x49: 48 38 36 48 41 44
37x46: 30 39 31 23 31 26
46x36: 49 45 39 40 40 41
40x41: 47 39 42 43 35 46
44x35: 30 44 33 40 44 47
36x36: 33 35 33 30 41 28
49x45: 64 50 49 66 56 57
35x35: 35 28 28 35 41 24
35x46: 37 51 45 34 36 42
41x38: 32 21 29 29 19 25
42x48: 40 35 36 37 37 39
37x37: 29 46 37 26 26 43
38x46: 48 47 61 35 35 39
45x48: 53 55 53 54 54 63
40x47: 61 43 49 39 63 34
48x49: 51 33 32 37 44 58
50x42: 55 48 65 52 48 54
35x47: 37 29 26 22 30 21
43x40: 27 28 30 32 32 33
39x37: 32 31 33 25 17 18
40x43: 29 23 33 31 40 25
40x49: 34 37 32 43 29 32
38x41: 42 41 49 46 28 34
48x39: 41 48 55 51 47 47
48x40: 37 61 46 56 53 45
47x35: 26 22 31 31 28 27
42x50: 57 48 51 65 51 54
36x39: 30 36 38 41 30 42
42x44: 31 35 30 45 29 25
49x43: 50 54 52 58 50 61
38x44: 47 39 44 41 49 38
44x39: 45 44 42 46 44 44
50x46: 58 54 58 69 52 65
38x45: 33 31 28 40 28 19
48x48: 41 39 50 45 38 43
38x44: 33 44 37 55 49 44
45x46: 46 34 26 36 34 48
46x48: 67 66 39 59 52 57
41x39: 32 22 30 27 34 23
45x49: 61 57 54 50 67 50
35x40: 39 24 20 18 27 15
48x37: 52 40 46 54 45 39
40x36: 32 43 36 32 40 38
49x42: 53 58 52 52 56 46
43x42: 28 24 41 39 31 32
48x47: 47 35 45 31 35 46
42x40: 35 41 50 43 46 44
38x40: 40 36 43 27 49 37
41x45: 34 23 45 35 26 32
41x39: 46 46 34 32 37 48
44x49: 52 47 48 62 62 64
48x46: 38 51 36 44 41 29
36x50: 53 44 40 42 53 45
35x35: 22 16 26 18 10 29
46x41: 37 29 23 41 30 35
37x49: 54 51 41 49 41 43
44x40: 34 47 37 51 54 51
38x49: 32 19 28 43 38 32
48x50: 49 37 48 43 42 37
48x42: 35 37 31 33 51 37
50x42: 37 35 32 43 41 36
35x49: 33 31 27 29 31 25
45x50: 56 57 63 44 75 50
46x41: 50 45 60 39 51 43
39x40: 45 27 43 60 32 38
46x47: 57 57 60 47 52 57
42x38: 33 27 22 34 25 26
46x50: 45 41 44 37 31 42
38x39: 19 24 34 27 21 31
49x48: 67 61 61 54 64 54
46x43: 27 34 31 41 43 33
36x46: 20 35 22 35 29 39
43x41: 32 39 31 26 29 24
39x50: 34 31 39 33 36 35
46x44: 58 60 40 51 42 59
44x37: 28 26 27 35 23 29
49x41: 50 49 58 47 58 47
48x39: 32 39 34 37 32 33
40x49: 38 38 32 35 32 32
35x49: 26 33 35 30 24 28
39x44: 29 36 27 33 29 27
41x44: 32 27 36 30 23 33
38x40: 19 29 25 31 24 27
49x46: 39 36 38 41 40 45
41x45: 28 32 30 31 36 37
46x40: 30 34 35 29 31 36
39x45: 29 43 19 39 34 31
47x37: 30 31 29 31 25 34
46x48: 33 37 43 41 43 42
49x36: 46 25 24 35 37 25
43x44: 52 49 51 48 53 39
48x40: 35 43 22 38 41 29
48x44: 49 57 56 52 57 54
37x43: 43 32 44 33 41 50
42x44: 32 35 38 28 25 38
42x37: 44 46 27 48 36 40
39x42: 28 28 33 28 35 30
50x43: 64 47 66 45 54 52
46x49: 36 30 46 44 41 42
48x47: 37 38 50 39 37 38
45x49: 42 65 57 53 52 69
45x35: 23 22 32 28 33 27
45x46: 49 47 59 60 48 57
49x47: 30 36 47 43 52 32
36x45: 26 32 29 34 28 30
36x42: 37 25 23 22 32 29
38x45: 29 27 27 27 39 31
38x36: 22 19 23 21 27 32
43x38: 44 40 39 39 35 53
50x38: 46 43 37 46 56 65
47x47: 62 46 50 67 63 56
39x39: 35 54 36 26 36 43
49x46: 37 40 42 48 33 40
38x44: 31 48 37 48 43 52
44x40: 46 33 44 53 51 47
45x39: 47 42 51 44 39 46
48x48: 63 60 61 74 59 42
46x41: 26 35 24 29 36 44
37x47: 28 18 32 35 37 30
39x43: 39 39 43 51 46 43
38x41: 30 43 47 37 40 42
48x35: 49 35 45 33 44 50
37x38: 30 23 22 22 21 26
44x39: 34 25 39 27 28 28
50x44: 44 39 30 24 42 44
44x48: 51 61 45 59 58 53
35x50: 21 36 30 23 42 24
39x36: 39 37 35 33 34 37
45x39: 54 44 41 45 50 37
48x43: 59 61 54 49 47 46
49x45: 44 67 52 53 52 70
48x39: 31 37 34 36 32 38
45x45: 39 35 32 36 44 39
43x50: 33 40 33 38 39 40
43x36: 37 28 30 25 30 17
46x44: 40 30 33 24 42 41
40x50: 48 50 55 63 49 46
50x47: 37 44 47 40 33 38
35x37: 15 32 22 22 16 25
43x43: 33 42 25 27 32 37
49x48: 57 59 65 59 61 61
36x49: 26 27 23 35 45 35
49x38: 32 29 24 24 44 39
37x42: 49 51 32 38 35 33
49x41: 29 47 33 28 39 32
49x41: 40 42 34 38 27 27
38x38: 24 32 18 26 29 15
35x50: 45 41 45 40 52 46
41x49: 49 38 40 53 66 66
43x50: 32 36 47 47 34 28
44x38: 53 41 36 32 40 52
48x36: 38 56 49 36 40 44
41x39: 25 32 23 32 33 24
40x44: 26 27 32 30 26 40
50x38: 37 30 33 32 25 35
46x40: 33 35 35 26 31 35
36x37: 20 15 33 26 23 27
41x41: 40 46 44 43 45 41
44x47: 36 32 41 34 40 26
50x47: 57 76 57 73 50 51
46x40: 44 35 49 56 54 49
46x47: 50 56 44 56 54 73
43x46: 43 62 49 41 53 54
36x43: 30 36 19 31 21 30
38x38: 29 24 24 20 23 24
47x35: 25 28 32 30 25 25
38x36: 29 35 42 34 39 32
43x46: 41 36 31 30 44 28
42x38: 42 43 42 40 36 42
37x48: 32 37 24 23 30 46
35x36: 24 23 18 25 23 19
40x47: 57 48 45 44 32 60
43x41: 36 22 30 26 40 27
43x40: 27 25 30 30 34 35
35x38: 33 35 47 35 26 28
40x43: 53 43 36 44 45 44
37x39: 26 27 22 22 25 33
37x48: 45 45 48 43 53 40
43x39: 38 42 48 40 46 44
48x36: 37 47 51 50 45 38
48x49: 43 56 42 43 36 35
44x42: 37 56 50 47 57 39
47x39: 33 34 24 38 32 34
40x37: 34 30 28 17 24 23
35x43: 25 26 33 26 27 16
49x45: 32 44 41 45 39 39
39x39: 33 29 27 29 23 27
46x44: 35 34 30 39 39 33
44x44: 31 44 27 37 30 26
35x41: 38 22 20 23 20 19
41x50: 47 50 56 68 52 47
38x35: 37 30 38 34 36 30
39x48: 34 37 34 34 35 33
41x45: 51 59 45 44 33 49
43x46: 47 49 47 56 44 62
36x44: 25 30 34 23 24 31
36x41: 34 36 41 37 44 36
36x44: 40 40 38 48 32 47
43x36: 24 25 24 27 33 34
43x40: 49 47 35 58 45 35
48x37: 33 30 33 34 38 24
36x46: 42 48 34 52 37 44
37x42: 30 33 22 29 26 27
48x45: 43 34 42 40 44 36
49x50: 57 56 69 56 74 65
43x49: 49 49 54 57 65 53
39x38: 26 33 24 24 25 23
36x44: 38 38 40 36 50 42
49x44: 34 38 37 43 22 49
48x35: 30 42 46 50 52 42
40x50: 49 54 69 45 50 39
49x48: 36 46 39 54 38 43
47x41: 27 31 32 37 26 41
41x44: 46 42 48 52 35 55
35x36: 27 47 24 40 24 33
45x42: 30 34 39 29 46 31
36x38: 34 38 34 28 38 37
38x42: 37 45 41 50 39 36
38x44: 36 24 20 28 28 31
50x48: 58 61 69 68 52 62
41x39: 29 34 29 20 31 25
50x46: 56 74 56 47 46 70
42x35: 24 26 25 18 28 32
43x38: 30 20 34 35 23 25
37x42: 34 40 42 27 41 52
39x50: 33 25 47 38 29 35
48x48: 54 62 56 66 61 58
48x38: 36 38 27 29 32 29
38x38: 39 42 33 30 28 47
39x48: 31 39 45 33 33 27
45x44: 42 29 30 38 36 34
42x48: 45 52 56 56 46 56
43x43: 38 24 26 39 42 27
37x38: 30 40 34 39 34 40
40x47: 38 29 26 35 40 26
46x39: 49 43 57 46 43 38
42x41: 31 31 34 22 35 29
44x35: 27 25 28 30 23 21
38x35: 17 30 30 23 14 18
37x37: 39 32 40 35 35 30
38x48: 26 28 26 36 36 39
39x49: 48 50 45 53 46 53
50x40: 59 48 56 41 51 50
43x38: 51 40 35 37 41 46
37x50: 50 50 28 54 49 56
35x38: 35 37 28 36 39 31
49x41: 51 54 44 58 58 47
39x41: 23 26 21 37 25 36
45x35: 28 22 28 19 29 38
42x43: 46 46 54 46 46 40
49x35: 28 26 29 29 28 36
37x38: 24 24 32 23 21 20
41x45: 35 24 39 27 36 34
44x38: 41 37 42 46 46 47
37x43: 54 35 36 46 36 39
39x47: 53 44 46 46 46 47
38x39: 44 28 38 48 30 42
37x49: 26 41 32 25 38 29
43x36: 31 24 27 27 29 30
35x44: 32 19 29 24 28 22
50x48: 41 43 37 46 53 36
48x36: 30 38 23 31 37 32
39x47: 31 35 37 31 27 33
37x37: 30 27 43 39 29 43
50x36: 28 36 31 29 34 33
49x35: 26 23 31 27 42 26
38x50: 34 28 44 35 23 28
36x44: 20 26 34 27 33 28
46x39: 30 29 32 37 34 33
40x39: 26 23 33 25 37 25
48x40: 32 29 39 37 33 38
38x43: 45 34 45 27 54 44
35x41: 27 19 21 31 20 24
45x41: 32 42 42 30 29 20
42x38: 32 38 42 39 46 49
36x43: 40 40 42 31 41 42
36x40: 31 38 37 42 42 34
38x50: 52 35 64 50 49 43
36x46: 47 37 38 38 52 43
43x35: 26 23 21 37 20 26
43x39: 56 42 39 49 36 37
49x40: 51 44 64 52 47 44
37x41: 27 21 21 40 26 21
42x43: 30 38 31 40 23 33
40x37: 17 24 32 29 27 26
35x49: 32 29 29 31 28 27
39x50: 46 54 44 53 55 50
41x40: 26 25 37 35 26 20
41x35: 40 34 30 27 57 33
35x35: 24 29 30 41 35 33
39x39: 41 42 33 36 42 40
38x48: 32 29 28 31 34 37
42x43: 26 35 33 39 26 36
36x47: 50 52 29 45 43 42
44x40: 43 33 21 26 28 31
50x35: 27 22 29 32 27 38
38x50: 48 48 49 35 50 59
50x36: 26 27 35 29 49 26
44x38: 29 33 31 26 17 31
42x50: 61 51 55 54 43 58
48x36: 39 28 29 23 40 32
37x40: 27 29 24 24 27 24
50x49: 48 29 43 50 49 36
45x47: 42 48 77 48 55 54
38x36: 47 35 39 40 26 24
43x46: 45 55 44 54 61 48
37x37: 35 28 44 37 39 29
47x43: 41 36 38 29 32 33
41x41: 37 26 24 18 27 36
40x42: 44 40 42 40 45 47
36x40: 24 23 30 26 28 25
39x50: 63 44 42 49 56 47
35x40: 27 26 26 19 22 22
37x44: 30 26 29 24 29 30
45x47: 37 32 43 37 33 43
38x38: 19 29 19 23 22 31
43x48: 40 40 38 41 36 29
39x43: 44 50 38 42 51 34
46x50: 66 55 53 71 54 58
41x38: 42 38 36 41 39 44
48x41: 19 37 43 40 39 29
42x47: 47 59 50 47 50 50
45x41: 50 48 54 56 44 34
43x48: 63 52 47 58 50 49
40x43: 37 32 18 31 30 34
47x39: 31 29 30 37 29 38
38x46: 28 32 33 27 32 28
43x38: 23 27 38 26 30 23
41x41: 29 27 28 31 27 26
45x41: 47 48 57 39 49 42
41x43: 29 37 26 33 27 30
36x45: 28 37 25 25 35 29
39x47: 36 42 29 24 28 36
38x40: 27 28 31 27 20 23
36x42: 35 29 27 21 26 29
44x44: 50 46 43 52 51 57
40x35: 23 26 20 25 28 21
39x38: 28 42 43 37 31 46
48x44: 38 33 32 36 50 34
45x36: 41 44 36 43 48 39
38x49: 31 39 22 32 32 35
42x43: 41 37 47 48 57 50
37x36: 22 22 29 23 19 28
46x50: 30 35 49 47 45 33
37x40: 32 38 39 38 31 49
44x45: 35 35 40 35 36 28
43x42: 32 22 43 39 35 25
40x39: 29 31 29 28 26 26
47x49: 46 73 61 65 56 55
49x38: 36 53 43 53 52 52
41x46: 33 34 33 37 29 29
36x49: 48 50 38 40 50 45
43x46: 48 58 38 56 57 50
38x50: 26 34 35 34 28 35
48x38: 31 41 37 20 28 35
36x40: 45 33 41 48 31 26
49x49: 37 56 38 49 23 53
40x44: 48 42 40 43 55 44
47x39: 46 42 56 54 45 41
46x37: 29 32 23 32 41 22
46x38: 52 31 50 47 45 45
42x44: 50 45 46 40 50 52
48x36: 35 34 34 39 31 19
35x42: 31 40 36 37 43 40
41x50: 23 37 35 38 36 39
45x48: 32 36 49 37 44 41
45x48: 60 38 67 51 61 55
44x36: 28 33 27 26 32 22
50x36: 29 43 31 30 29 29
50x45: 40 39 41 43 31 45
35x50: 27 34 36 26 32 20
49x48: 71 54 60 78 51 52
50x35: 28 24 35 28 30 30
42x47: 48 58 52 44 50 50
50x47: 59 64 54 57 69 59
49x38: 59 35 48 57 45 45
35x40: 39 38 40 37 35 27
44x35: 54 42 33 33 36 37
50x47: 68 67 50 56 63 57
35x35: 22 16 20 23 24 16
48x47: 55 37 41 36 37 34
35x42: 35 45 34 45 47 24
43x49: 50 50 68 58 50 49
37x46: 23 35 30 34 25 32
45x45: 52 47 45 55 60 55
45x38: 25 24 36 33 33 28
39x38: 33 39 49 27 37 40
36x45: 28 32 24 29 37 29
50x48: 56 69 62 56 62 63
39x49: 38 40 32 30 31 36
50x40: 30 29 31 34 34 49
46x41: 50 39 46 52 52 53
49x41: 31 37 29 40 34 37
48x49: 58 58 59 72 64 55
49x45: 34 43 41 40 34 47
38x41: 50 31 37 40 40 42
46x45: 30 38 30 44 34 48
37x35: 23 18 21 25 25 19
48x42: 35 32 46 35 30 46
35x43: 40 33 46 36 39 37
43x45: 36 41 29 31 38 34
38x44: 24 22 32 35 36 18
41x48: 37 39 24 38 39 30
50x40: 38 31 35 34 35 34
50x39: 27 39 32 34 35 40
39x43: 32 34 34 30 28 24
36x37: 36 33 29 40 35 34
45x47: 42 43 28 37 37 37
40x39: 41 39 46 38 36 39
50x38: 50 46 48 62 52 39
50x48: 35 44 47 45 38 46
37x47: 29 59 42 40 47 50
50x39: 52 55 42 46 49 55
49x45: 47 54 63 50 53 70
35x38: 42 31 43 32 31 25
49x39: 31 41 41 24 41 29
40x36: 23 30 28 27 24 23
48x43: 36 36 39 36 44 33
48x44: 51 56 52 46 63 56
43x35: 34 37 41 49 40 34
48x49: 38 45 41 43 47 41
36x42: 27 26 37 27 25 25
43x36: 38 49 40 41 33 37
50x38: 47 54 49 44 41 55
39x43: 33 27 31 30 28 32
50x36: 48 49 48 48 42 42
43x42: 29 35 26 29 40 36
39x42: 27 33 33 27 29 33
39x39: 23 26 36 32 27 24
38x37: 22 15 19 24 32 31
35x39: 30 46 40 29 37 27
50x39: 39 50 61 43 68 40
36x49: 40 51 47 40 43 49
37x47: 23 39 26 29 27 35
42x37: 40 42 31 39 38 49
47x40: 46 56 34 50 55 50
35x46: 40 35 39 36 46 51
40x41: 24 26 22 28 33 36
44x41: 35 24 30 23 30 39
45x49: 54 59 57 60 53 57
38x36: 35 34 29 25 50 37
38x36: 24 19 26 33 25 16
40x46: 23 32 31 37 29 42
43x47: 30 42 39 31 40 28
42x45: 33 35 29 37 35 40
46x47: 44 35 39 34 36 36
36x44: 30 25 22 34 27 30
35x40: 30 24 24 15 28 21
47x40: 33 34 27 31 35 34
35x39: 34 30 36 37 28 45
38x45: 33 25 24 31 28 38
48x49: 59 57 70 67 54 56
40x42: 30 36 35 22 26 33
50x35: 40 43 48 52 40 48
36x39: 24 31 25 27 23 25
41x44: 29 33 19 32 26 42
39x39: 34 38 19 20 24 34
37x42: 34 32 49 35 34 53
35x42: 35 30 46 43 39 35
44x47: 41 35 31 29 33 41
46x39: 45 44 41 60 44 46
48x47: 45 31 37 40 43 44
37x43: 24 29 28 31 29 26
48x39: 33 39 36 32 34 33
39x40: 42 37 44 34 44 38
44x36: 34 29 31 25 27 21
46x41: 35 52 57 55 45 48
40x50: 47 48 56 61 47 51
45x43: 29 37 40 40 28 36
46x42: 49 51 40 60 59 43
41x43: 25 33 21 35 34 33
41x45: 27 35 33 38 29 33
44x37: 21 41 22 34 23 27
49x36: 28 24 43 35 34 28
42x41: 61 46 40 43 39 35
50x41: 40 27 32 36 42 30
45x37: 20 24 37 35 30 34
43x49: 66 47 54 57 45 55
45x36: 36 36 38 55 47 42
48x48: 37 33 53 36 49 47
50x41: 30 36 32 33 41 35
50x36: 48 43 46 48 35 56
39x39: 28 25 28 18 35 35
36x35: 34 34 25 29 31 40
39x35: 21 29 25 28 21 19
49x46: 42 36 46 34 35 47
50x50: 63 55 64 71 57 76
45x48: 65 61 45 57 49 55
40x46: 51 41 42 47 51 52
37x37: 33 31 47 33 33 33
50x43: 35 29 41 29 46 43
39x49: 43 36 52 65 42 60
48x38: 37 22 31 35 30 36
35x45: 28 26 23 23 37 28
37x39: 28 23 22 22 34 27
48x48: 36 41 39 50 45 44
41x37: 22 27 29 26 29 22
39x42: 29 30 30 34 31 27
46x48: 49 45 34 37 37 38
44x37: 24 28 24 33 29 30
39x41: 38 31 42 45 46 46
39x44: 33 24 23 35 32 34
40x42: 40 35 22 27 31 26
44x40: 64 49 39 44 32 41
39x37: 34 30 37 43 44 37
41x44: 46 51 50 54 47 32
47x47: 58 59 68 39 55 56
48x45: 53 59 50 54 61 56
44x46: 38 33 35 24 37 42
38x40: 36 44 33 45 41 37
39x40: 24 24 24 31 30 36
43x38: 28 30 26 32 25 27
38x40: 31 26 22 29 23 24
39x48: 31 31 42 31 39 34
49x48: 41 41 41 43 38 51
36x49: 38 53 50 41 43 45
40x42: 42 44 36 38 55 44
37x47: 40 43 58 38 45 42
41x47: 28 35 39 27 35 31
38x35: 34 31 32 42 34 34
39x42: 47 38 47 39 46 35
47x37: 38 30 29 25 28 29
49x47: 53 66 64 52 47 69
44x38: 46 42 47 33 44 43
38x38: 34 37 42 35 46 29
48x48: 63 70 51 66 53 53
41x40: 30 28 25 29 25 32
43x40: 22 30 30 32 36 32
40x41: 20 35 31 23 34 25
41x50: 35 34 39 34 36 29
42x37: 26 24 26 33 32 27
43x49: 35 34 44 43 35 33
35x41: 18 23 30 17 28 26
36x36: 23 31 31 16 25 18
47x48: 54 53 72 64 63 44
41x36: 28 17 19 28 27 36
50x40: 36 34 43 30 29 36
44x43: 35 28 28 34 32 39
46x45: 56 50 52 47 46 65
35x40: 23 22 23 27 24 23
46x37: 31 20 36 28 27 37
37x49: 41 47 50 51 49 43
35x44: 26 26 22 26 30 23
46x47: 51 50 60 62 51 60
42x50: 52 61 62 51 49 47
37x37: 19 35 16 22 25 27
48x43: 51 55 50 45 55 60
35x39: 47 31 29 29 39 34
49x49: 45 48 39 48 39 37
47x49: 61 66 66 49 53 56
38x44: 31 27 28 23 31 28
37x43: 49 32 35 39 50 41
40x45: 28 37 43 26 31 30
35x45: 44 38 41 36 46 37
36x50: 34 30 24 42 35 26
47x44: 34 36 26 32 44 38
38x37: 26 41 37 31 50 32
45x50: 36 37 43 45 50 29
37x50: 50 42 55 47 41 49
48x40: 36 27 40 31 33 40
38x39: 39 42 36 37 31 42
46x37: 52 41 45 49 39 37
38x36: 24 20 27 19 25 28
47x36: 43 50 40 49 42 38
47x48: 42 51 33 30 40 43
35x45: 19 36 28 29 24 28
49x37: 29 28 32 39 33 31
42x41: 39 47 46 42 47 44
41x49: 53 62 41 56 46 52
48x37: 40 60 42 42 41 47
41x40: 22 27 24 31 34 31
48x35: 30 25 32 27 29 32
40x50: 47 32 31 35 29 33
49x40: 35 42 30 31 35 34
36x47: 26 30 31 31 39 23
40x43: 45 38 43 51 38 51
38x47: 36 30 34 27 33 19
42x50: 66 56 43 56 54 49
39x46: 30 31 44 34 23 32
49x44: 66 54 47 47 64 53
47x38: 21 32 23 33 38 32
39x49: 28 35 33 41 31 39
43x38: 33 30 31 27 16 30
45x41: 29 36 25 40 28 37
43x47: 46 54 52 51 52 56
36x50: 30 30 27 30 37 38
40x40: 43 40 48 32 35 45
48x46: 49 55 44 71 63 63
42x40: 43 47 45 35 41 45
35x40: 17 22 23 31 22 27
49x37: 44 48 52 50 52 35
47x45: 38 38 33 38 38 40
35x37: 26 40 37 32 32 32
37x46: 32 25 35 32 34 22
42x42: 27 34 38 31 30 35
37x44: 35 30 21 30 29 22
44x38: 45 38 42 36 45 50
48x46: 47 43 46 32 39 32
35x47: 24 28 29 27 21 36
38x40: 29 31 24 20 25 27
46x40: 51 46 59 38 48 39
48x48: 42 47 45 41 43 38
36x50: 41 22 27 39 37 25
37x35: 46 32 29 38 28 27
36x35: 25 22 22 17 19 26
38x37: 22 20 28 30 32 12
48x39: 43 52 48 45 44 55
45x39: 37 31 27 28 38 33
46x40: 54 51 43 48 37 49
47x42: 34 40 41 32 35 27
50x40: 42 46 58 52 57 54
49x46: 52 38 40 42 35 32
37x47: 35 28 35 32 20 30
41x49: 33 33 41 39 28 33
44x36: 43 42 32 42 37 48
47x40: 51 40 43 61 47 51
46x44: 47 55 46 58 56 52
45x41: 43 27 38 28 21 37
50x40: 35 42 40 33 30 28
45x35: 29 24 29 25 32 25
46x46: 29 46 37 33 36 43
47x35: 31 30 23 21 36 23
41x47: 41 51 60 42 52 49
42x40: 43 46 41 49 40 41
38x44: 38 51 49 32 47 38
39x36: 35 42 34 42 35 30
50x35: 34 28 21 36 38 19
40x43: 50 46 28 46 49 47
42x47: 53 54 46 47 51 52
45x46: 42 32 43 34 41 33
40x37: 29 24 30 21 29 22
42x47: 62 52 48 55 43 44
45x47: 69 53 55 49 38 58
39x41: 44 35 36 46 42 45
35x36: 17 22 29 19 26 18
47x38: 28 23 31 34 29 34
48x47: 27 40 53 51 30 38
41x40: 28 32 25 31 28 25
39x35: 39 36 35 37 35 29
42x42: 27 33 38 39 30 29
38x41: 38 24 43 45 45 47
48x45: 36 32 37 38 44 52
39x37: 22 23 18 30 32 31
43x49: 28 32 41 42 48 33
42x43: 34 25 26 46 40 25
46x42: 36 34 42 31 30 36
41x41: 43 43 40 45 34 53